82.13
76.23
43.37
93.43
38.37
60.02
57.11
-17.47
-80.49
-1.19
-13.25
-14.43
-45.33
94.13
30.01
13.04
-75.35
100.52
20.92
52.12
7.46
30.86
-33.31
61.93
5.7
73.22
-94.14
-26.66
-40.87
97.2
6.68
38.09
-39.15
-81.98
59.65
77.77
-93.04
-28.72
-69.31
-77.97
63.99
39.88
85.16
36.45
-69.61
11.33
-0.37
66.3
-29.77
21.33
-14.61
-2.78
65.4
71.14
-87.02
-64.6
-31.87
33.25
-33.48
89.82
35.13
86.18
51.86
84.69
13.26
46.89
4.05
-89.64
25.09
31.73
-23.86
-32.68
67.32
-99.26
-4.39
46.52
22.77
-80.47
49.47
87.32
91.95
-91.27
-32.58
-84.65
-85.46
-53.09
56.19
-17.8
-94.98
-61.95
52.52
-95.38
-29.93
-42.53
-19.62
50.84
-38.05
-40.52
8.98
-20.81