-96.43
-38.06
62.31
-49.63
12.86
85.75
76.93
-16.71
-85.7
3.24
33.57
18.79
-8.07
-89.27
-80.55
67.25
-70.59
-36.83
-97.18
-79.47
-47.96
-93.69
44.45
29.31
69.74
-65.39
-58.67
-2.04
19.66
99.92
37.52
-12.4
-97.94
59.1
91.92
-89.89
9.59
41.27
33.72
-60.98
79.41
49.49
-7.08
-9.26
-67.16
-50.66
16.57
-37.73
-16.94
-53.19
-7.24
-31.55
30.18
75.91
20.17
47.75
-65.67
-92.59
78.02
-7.06
80.92
-74.24
-8.65
-99.34
-88.02
82.91
-80.62
-83.04
-2.35
29.09
-71.61
-82.38
27.09
97.26
73.7
69.38
-50.97
-33.25
-42.21
-35.27
17.62
87.87
9.2
-28.5
-89.02
67.34
60.99
72.03
99.96
-99.12
-73.52
-59.61
3.55
-25.85
17.05
-26.49
-62.7
-85.17
-68.22
-78.95