86.99
31.4
-65.77
-44.31
53.96
-33.68
-38.23
-62.65
54.23
7.05
97.26
74.82
72.93
-26.01
39.5
44.66
4.56
-9.4
-98.38
-26.23
41.17
-80.0
11.15
41.45
-73.8
20.76
45.11
64.58
98.64
-86.06
-79.24
-86.15
-30.46
-66.72
-65.21
11.7
16.23
11.71
-17.59
48.54
26.91
8.3
58.8
56.62
-52.59
41.66
14.13
-4.85
-86.05
68.81
-28.14
-34.48
-13.12
9.92
58.83
-24.05
-57.11
-57.57
-11.28
82.32
60.44
-98.04
-39.7
-98.01
-80.56
27.84
56.8
-25.07
-88.91
-41.91
-67.0
-49.06
72.08
-46.41
-17.14
61.61
2.02
-61.51
-5.74
-21.72
35.91
0.08
12.54
-3.32
-13.82
-37.04
-3.76
-92.38
-97.59
-44.1
8.0
-94.02
85.37
-66.49
35.55
80.24
-40.34
-20.96
-59.07
-40.14