35.38
-99.65
82.14
-43.8
-27.56
-6.9
72.34
-39.01
66.14
-45.85
92.63
-72.58
52.37
-91.73
-38.61
81.96
-87.43
-9.82
-13.76
-57.25
-91.45
28.54
20.17
-26.17
-25.97
-31.79
-56.22
85.14
77.67
-80.7
57.37
17.04
52.77
57.01
41.3
-53.47
-97.35
-22.79
47.3
-58.58
91.69
-31.72
32.34
-52.21
39.44
-77.27
-28.14
-13.67
-9.35
7.73
-30.82
-11.49
-96.68
-13.08
-12.95
22.36
-15.58
-18.85
-57.1
-81.39
5.17
-49.45
22.57
-54.44
100.78
-17.53
86.16
-58.16
83.07
87.5
-16.19
82.55
81.38
-94.77
22.99
-84.5
65.07
75.09
-33.46
-7.13
-7.75
-4.08
14.96
-21.85
95.28
23.94
-55.22
-65.58
-7.84
-5.97
73.53
-37.95
-74.62
-8.74
50.88
61.95
-11.78
81.98
-8.4
-78.45