-54.99
-56.35
44.67
11.67
-4.9
-52.61
-15.89
-86.06
39.48
-26.62
-0.09
-27.38
-16.74
-16.57
-65.78
-0.64
-48.43
19.61
-72.06
-31.75
-97.83
-66.88
-96.28
-71.39
76.05
66.41
100.89
-27.18
-78.53
72.92
-28.94
-8.61
87.96
-97.41
84.34
66.02
-40.47
12.08
49.68
8.4
19.41
-8.27
42.34
-5.05
-7.32
5.19
88.69
8.08
-54.14
25.58
31.77
-47.12
23.17
-16.87
-78.53
0.57
91.46
67.38
-87.67
-43.57
-67.22
27.87
6.71
74.65
-2.24
-4.31
-64.17
76.67
-98.69
37.08
-65.34
83.43
72.83
44.72
-82.38
11.41
-91.72
-7.55
63.48
43.93
44.44
61.29
-31.84
-47.23
-98.45
85.19
42.97
14.03
-53.92
-27.06
-15.77
-69.45
55.73
2.18
93.07
69.25
68.87
-8.15
-26.71
88.22